##id,x,y,width,height
##
##Lowercase
0:0,0,6,9
1:7,0,6,9
2:14,0,6,9
3:21,0,6,9
4:28,0,6,9
5:35,0,6,9
6:42,0,6,9
7:49,0,6,9
8:57,0,3,9
9:61,0,5,9
10:67,0,6,9
11:75,0,4,9
12:80,0,7,9
13:88,0,6,9
14:95,0,6,9
15:102,0,5,9
16:108,0,6,9
17:115,0,6,9
18:122,0,6,9
19:129,0,6,9
20:136,0,6,9
21:143,0,6,9
22:150,0,6,9
23:157,0,6,9
24:164,0,6,9
25:171,0,6,9
##
##Uppercase
26:0,9,6,9
27:7,9,6,9
28:14,9,6,9
29:21,9,6,9
30:28,9,6,9
31:35,9,6,9
32:42,9,6,9
33:49,9,6,9
34:56,9,5,9
35:63,9,6,9
36:70,9,6,9
37:77,9,6,9
38:84,9,6,9
39:91,9,6,9
40:98,9,6,9
41:105,9,6,9
42:112,9,6,9
43:119,9,6,9
44:126,9,6,9
45:133,9,5,9
46:139,9,6,9
47:146,9,6,9
48:153,9,6,9
49:160,9,6,9
50:167,9,5,9
51:173,9,6,9
##
##punctuation | .-,-!-?-/-M-F-MC-FC
52:181,9,4,9
53:188,9,4,9
54:0,29,3,9
55:5,29,6,9
56:26,28,6,9
57:12,29,6,9
58:19,29,6,9
59:100,42,6,9
60:113,43,6,9